

java.nio.DirectByteBuffer[pos=0 lim=579312 cap=579312];48276
[Mon Sep 10 12:26:04 CEST 2012] [CCLog Line:177:initialize] [INFO] logging to file: log/2012-09-10_12-26-04.txt
[Mon Sep 10 12:26:04 CEST 2012] [CCColladaSkeletonMesh Line:71:<init>] [INFO] HAS NORMALS
1
2
2
3
3
4
4
5
5
6
6
7
7
8
8
9
9
10
10
11
11
12
12
13
13
14
14
15
15
16
16
17
17
18
18
19
19
20
20
21
21
22
22
23
23
24
24
25
25
26
26
27
27
28
28
29
29
30
30
31
31
32
32
33
33
34
34
35
35
36
36
37
37
38
38
39
39
40
40
41
41
42
42
43
43
44
44
45
45
46
46
47
47
48
48
49
49
50
50
51
51
52
52
53
53
54
54
55
55
56
56
57
57
58
58
59
59
60
60
61
61
62
62
63
63
64
64
65
65
66
66
67
67
68
68
69
69
70
70
71
71
72
72
73
73
74
74
75
75
76
76
77
77
78
78
79
79
80
80
81
81
82
82
83
83
84
84
85
85
86
86
87
87
88
88
89
89
90
90
91
91
92
92
93
93
94
94
95
95
96
96
97
97
98
98
99
99
100
100
101
101
102
102
103
103
104
104
105
105
106
106
107
107
108
108
109
109
110
110
111
111
112
112
113
113
114
114
115
115
116
116
117
117
118
118
119
119
120
120
121
121
122
122
123
123
124
124
125
125
126
126
127
127
128
128
129
129
130
130
131
131
132
132
133
133
134
136
137
137
138
138
139
139
140
140
141
141
142
142
143
143
144
144
145
145
146
146
147
147
148
148
149
149
150
150
151
151
152
152
153
153
154
154
155
155
156
156
157
157
158
158
159
indices:312
position:CCVector3f[ -12.83121  1.0079712  -8.733132 ]
weight:(1.0, 0.0, 0.0, 0.0)
weight:(6.0, 0.0, 0.0, 0.0)
position:CCVector3f[ -12.606479  2.143868  -10.129707 ]
weight:(1.0, 0.0, 0.0, 0.0)
weight:(6.0, 0.0, 0.0, 0.0)
position:CCVector3f[ -11.875106  3.2674832  -11.153381 ]
weight:(1.0, 0.0, 0.0, 0.0)
weight:(6.0, 0.0, 0.0, 0.0)
position:CCVector3f[ -10.835614  4.378666  -11.788755 ]
weight:(1.0, 0.0, 0.0, 0.0)
weight:(6.0, 0.0, 0.0, 0.0)
position:CCVector3f[ -9.638545  5.4745955  -11.936924 ]
weight:(0.016979136, 0.98302084, 0.0, 0.0)
weight:(5.0, 6.0, 0.0, 0.0)
position:CCVector3f[ -8.436699  6.560472  -11.758881 ]
weight:(2.991369E-4, 0.99970084, 0.0, 0.0)
weight:(5.0, 6.0, 0.0, 0.0)
position:CCVector3f[ -7.4750977  7.621176  -10.751047 ]
weight:(0.09883469, 0.9011653, 0.0, 0.0)
weight:(5.0, 6.0, 0.0, 0.0)
position:CCVector3f[ -6.729471  8.682863  -9.764251 ]
weight:(0.33061436, 0.6693856, 0.0, 0.0)
weight:(5.0, 6.0, 0.0, 0.0)
position:CCVector3f[ -6.512113  9.730615  -8.297917 ]
weight:(0.45086718, 0.5491328, 0.0, 0.0)
weight:(6.0, 5.0, 0.0, 0.0)
position:CCVector3f[ -6.5035276  10.786604  -7.088524 ]
weight:(0.4698469, 0.53015304, 0.0, 0.0)
weight:(5.0, 6.0, 0.0, 0.0)
position:CCVector3f[ -6.722564  11.84776  -6.0353327 ]
weight:(0.22118631, 0.7788137, 0.0, 0.0)
weight:(6.0, 5.0, 0.0, 0.0)
position:CCVector3f[ -6.888756  12.918467  -5.295164 ]
weight:(0.15144601, 0.848554, 0.0, 0.0)
weight:(6.0, 5.0, 0.0, 0.0)
position:CCVector3f[ -7.0175915  13.994525  -4.730434 ]
weight:(0.087140374, 0.9128596, 0.0, 0.0)
weight:(6.0, 5.0, 0.0, 0.0)
position:CCVector3f[ -7.1975355  15.073318  -4.2519045 ]
weight:(0.04617351, 0.9538264, 0.0, 0.0)
weight:(6.0, 5.0, 0.0, 0.0)
position:CCVector3f[ -7.351803  16.154634  -3.8568482 ]
weight:(8.1848353E-4, 0.9991815, 0.0, 0.0)
weight:(6.0, 5.0, 0.0, 0.0)
position:CCVector3f[ -7.432832  17.237242  -3.5073056 ]
weight:(1.0, 0.0, 0.0, 0.0)
weight:(5.0, 0.0, 0.0, 0.0)
position:CCVector3f[ -7.5348983  18.32053  -3.1787672 ]
weight:(1.0, 0.0, 0.0, 0.0)
weight:(5.0, 0.0, 0.0, 0.0)
position:CCVector3f[ -7.6060877  19.403585  -2.844475 ]
weight:(1.0, 0.0, 0.0, 0.0)
weight:(5.0, 0.0, 0.0, 0.0)
position:CCVector3f[ -7.676874  20.486013  -2.4896564 ]
weight:(1.0, 0.0, 0.0, 0.0)
weight:(5.0, 0.0, 0.0, 0.0)
position:CCVector3f[ -7.9798784  21.573727  -2.2946353 ]
weight:(1.0, 0.0, 0.0, 0.0)
weight:(5.0, 0.0, 0.0, 0.0)
position:CCVector3f[ -8.230846  22.661211  -2.0948238 ]
weight:(1.0, 0.0, 0.0, 0.0)
weight:(5.0, 0.0, 0.0, 0.0)
position:CCVector3f[ -8.469196  23.74862  -1.8933103 ]
weight:(1.0, 0.0, 0.0, 0.0)
weight:(5.0, 0.0, 0.0, 0.0)
position:CCVector3f[ -8.7133465  24.835918  -1.6878994 ]
weight:(1.0, 0.0, 0.0, 0.0)
weight:(5.0, 0.0, 0.0, 0.0)
position:CCVector3f[ -8.96973  25.921982  -1.4415994 ]
weight:(1.0, 0.0, 0.0, 0.0)
weight:(5.0, 0.0, 0.0, 0.0)
position:CCVector3f[ -9.269688  27.00695  -1.1577244 ]
weight:(1.0, 0.0, 0.0, 0.0)
weight:(5.0, 0.0, 0.0, 0.0)
position:CCVector3f[ -9.620587  28.099197  -1.1075418 ]
weight:(1.0, 0.0, 0.0, 0.0)
weight:(5.0, 0.0, 0.0, 0.0)
position:CCVector3f[ -9.997534  29.19004  -1.0102997 ]
weight:(1.0, 0.0, 0.0, 0.0)
weight:(5.0, 0.0, 0.0, 0.0)
position:CCVector3f[ -10.429337  30.280632  -0.90247035 ]
weight:(1.0, 0.0, 0.0, 0.0)
weight:(5.0, 0.0, 0.0, 0.0)
position:CCVector3f[ -10.955389  31.370895  -0.77897 ]
weight:(1.0, 0.0, 0.0, 0.0)
weight:(5.0, 0.0, 0.0, 0.0)
position:CCVector3f[ -11.636452  32.460934  -0.6400335 ]
weight:(1.0, 0.0, 0.0, 0.0)
weight:(5.0, 0.0, 0.0, 0.0)
position:CCVector3f[ -12.14812  33.56175  -0.8601332 ]
weight:(1.0, 0.0, 0.0, 0.0)
weight:(5.0, 0.0, 0.0, 0.0)
position:CCVector3f[ -12.710314  34.664158  -1.1292477 ]
weight:(1.0, 0.0, 0.0, 0.0)
weight:(5.0, 0.0, 0.0, 0.0)
position:CCVector3f[ -13.359354  35.768837  -1.4675351 ]
weight:(1.0, 0.0, 0.0, 0.0)
weight:(5.0, 0.0, 0.0, 0.0)
position:CCVector3f[ -13.877546  36.878754  -1.9827797 ]
weight:(1.0, 0.0, 0.0, 0.0)
weight:(5.0, 0.0, 0.0, 0.0)
position:CCVector3f[ -14.197627  37.99245  -2.630765 ]
weight:(0.99999845, 0.0, 0.0, 0.0)
weight:(5.0, 0.0, 0.0, 0.0)
position:CCVector3f[ -14.53771  39.108646  -3.3588123 ]
weight:(0.99998915, 0.0, 0.0, 0.0)
weight:(5.0, 0.0, 0.0, 0.0)
position:CCVector3f[ -14.923418  40.22897  -4.2186065 ]
weight:(0.999987, 0.0, 0.0, 0.0)
weight:(5.0, 0.0, 0.0, 0.0)
position:CCVector3f[ -15.197254  41.353565  -5.222904 ]
weight:(1.0, 0.0, 0.0, 0.0)
weight:(5.0, 0.0, 0.0, 0.0)
position:CCVector3f[ -15.150818  42.478878  -6.2669334 ]
weight:(0.14557317, 0.85442686, 0.0, 0.0)
weight:(4.0, 5.0, 0.0, 0.0)
position:CCVector3f[ -15.073437  43.609478  -7.483902 ]
weight:(0.18783018, 0.81216985, 0.0, 0.0)
weight:(4.0, 5.0, 0.0, 0.0)
position:CCVector3f[ -14.658117  44.738327  -8.661753 ]
weight:(0.09603967, 0.90396035, 0.0, 0.0)
weight:(4.0, 5.0, 0.0, 0.0)
position:CCVector3f[ -13.823825  45.85765  -9.550787 ]
weight:(0.15073127, 0.84926873, 0.0, 0.0)
weight:(4.0, 5.0, 0.0, 0.0)
position:CCVector3f[ -12.7467375  46.967335  -10.139797 ]
weight:(0.2137624, 0.7862376, 0.0, 0.0)
weight:(4.0, 5.0, 0.0, 0.0)
position:CCVector3f[ -11.533466  48.06609  -10.380577 ]
weight:(0.3208508, 0.6791492, 0.0, 0.0)
weight:(4.0, 5.0, 0.0, 0.0)
position:CCVector3f[ -10.300638  49.154743  -10.293931 ]
weight:(0.26475868, 0.73524135, 0.0, 0.0)
weight:(4.0, 5.0, 0.0, 0.0)
position:CCVector3f[ -9.134672  50.215504  -10.055088 ]
weight:(0.47408167, 0.52591836, 0.0, 0.0)
weight:(5.0, 4.0, 0.0, 0.0)
position:CCVector3f[ -8.041749  51.17286  -9.711167 ]
weight:(0.28562728, 0.7143727, 0.0, 0.0)
weight:(5.0, 4.0, 0.0, 0.0)
position:CCVector3f[ -7.1307297  52.256897  -8.972069 ]
weight:(0.25741696, 0.74258304, 0.0, 0.0)
weight:(5.0, 4.0, 0.0, 0.0)
position:CCVector3f[ -6.298766  53.34204  -8.331396 ]
weight:(0.10442128, 0.8955787, 0.0, 0.0)
weight:(5.0, 4.0, 0.0, 0.0)
position:CCVector3f[ -5.6227407  54.42618  -7.5660367 ]
weight:(0.025155783, 0.9748442, 0.0, 0.0)
weight:(5.0, 4.0, 0.0, 0.0)
position:CCVector3f[ -5.2176857  55.508987  -6.6223783 ]
weight:(0.001241285, 0.9987587, 0.0, 0.0)
weight:(5.0, 4.0, 0.0, 0.0)
position:CCVector3f[ -4.8288875  56.59302  -5.799657 ]
weight:(3.369983E-4, 0.999663, 0.0, 0.0)
weight:(5.0, 4.0, 0.0, 0.0)
position:CCVector3f[ -4.570752  57.677124  -4.9632683 ]
weight:(1.0, 0.0, 0.0, 0.0)
weight:(4.0, 0.0, 0.0, 0.0)
position:CCVector3f[ -4.4008455  58.76151  -4.1418824 ]
weight:(1.0, 0.0, 0.0, 0.0)
weight:(4.0, 0.0, 0.0, 0.0)
position:CCVector3f[ -4.214827  59.846134  -3.3469198 ]
weight:(1.0, 0.0, 0.0, 0.0)
weight:(4.0, 0.0, 0.0, 0.0)
position:CCVector3f[ -4.027413  60.930534  -2.5303302 ]
weight:(1.0, 0.0, 0.0, 0.0)
weight:(4.0, 0.0, 0.0, 0.0)
position:CCVector3f[ -3.865131  62.01443  -1.6571654 ]
weight:(1.0, 0.0, 0.0, 0.0)
weight:(4.0, 0.0, 0.0, 0.0)
position:CCVector3f[ -3.8427925  63.09803  -0.73285615 ]
weight:(1.0, 0.0, 0.0, 0.0)
weight:(4.0, 0.0, 0.0, 0.0)
position:CCVector3f[ -4.0547266  64.18213  0.1774149 ]
weight:(1.0, 0.0, 0.0, 0.0)
weight:(4.0, 0.0, 0.0, 0.0)
position:CCVector3f[ -4.339067  65.26605  1.1193166 ]
weight:(1.0, 0.0, 0.0, 0.0)
weight:(4.0, 0.0, 0.0, 0.0)
position:CCVector3f[ -4.7234783  66.34974  2.0993938 ]
weight:(1.0, 0.0, 0.0, 0.0)
weight:(4.0, 0.0, 0.0, 0.0)
position:CCVector3f[ -5.183193  67.43245  3.1911147 ]
weight:(1.0, 0.0, 0.0, 0.0)
weight:(4.0, 0.0, 0.0, 0.0)
position:CCVector3f[ -6.1576347  68.52182  3.6896265 ]
weight:(1.0, 0.0, 0.0, 0.0)
weight:(4.0, 0.0, 0.0, 0.0)
position:CCVector3f[ -7.146834  69.61181  4.1293087 ]
weight:(1.0, 0.0, 0.0, 0.0)
weight:(4.0, 0.0, 0.0, 0.0)
position:CCVector3f[ -8.170044  70.70213  4.539195 ]
weight:(1.0493823E-5, 0.9999895, 0.0, 0.0)
weight:(0.0, 4.0, 0.0, 0.0)
position:CCVector3f[ -9.263772  71.79411  4.793846 ]
weight:(4.3254544E-4, 0.99956745, 0.0, 0.0)
weight:(0.0, 4.0, 0.0, 0.0)
position:CCVector3f[ -10.358544  72.89098  4.554533 ]
weight:(8.5359556E-4, 0.9991464, 0.0, 0.0)
weight:(0.0, 4.0, 0.0, 0.0)
position:CCVector3f[ -11.415187  73.98805  4.2885647 ]
weight:(7.9977745E-4, 0.9992002, 0.0, 0.0)
weight:(0.0, 4.0, 0.0, 0.0)
position:CCVector3f[ -12.475552  75.08536  3.9991412 ]
weight:(9.489907E-4, 0.99905103, 0.0, 0.0)
weight:(0.0, 4.0, 0.0, 0.0)
position:CCVector3f[ -13.445532  76.18485  3.4749706 ]
weight:(0.03181609, 0.96818393, 0.0, 0.0)
weight:(0.0, 4.0, 0.0, 0.0)
position:CCVector3f[ -14.235486  77.286415  2.7108693 ]
weight:(0.029622756, 0.97037727, 0.0, 0.0)
weight:(0.0, 4.0, 0.0, 0.0)
position:CCVector3f[ -15.021778  78.387955  1.9502752 ]
weight:(0.02739105, 0.972609, 0.0, 0.0)
weight:(0.0, 4.0, 0.0, 0.0)
position:CCVector3f[ -15.643049  79.49066  1.0451939 ]
weight:(0.079139456, 0.9208605, 0.0, 0.0)
weight:(0.0, 4.0, 0.0, 0.0)
position:CCVector3f[ -15.829855  80.594574  -0.05162716 ]
weight:(0.07727566, 0.92272437, 0.0, 0.0)
weight:(0.0, 4.0, 0.0, 0.0)
position:CCVector3f[ -16.006275  81.69788  -1.0879543 ]
weight:(0.07661568, 0.9233843, 0.0, 0.0)
weight:(0.0, 4.0, 0.0, 0.0)
position:CCVector3f[ -16.209929  82.80115  -2.1155128 ]
weight:(0.13819706, 0.86180294, 0.0, 0.0)
weight:(0.0, 4.0, 0.0, 0.0)
position:CCVector3f[ -16.432154  83.904976  -3.1968522 ]
weight:(0.1806691, 0.8193309, 0.0, 0.0)
weight:(0.0, 4.0, 0.0, 0.0)
position:CCVector3f[ -16.475218  85.00912  -4.3402014 ]
weight:(0.2916253, 0.70837474, 0.0, 0.0)
weight:(0.0, 4.0, 0.0, 0.0)
position:CCVector3f[ -16.258595  86.11289  -5.485035 ]
weight:(0.23723793, 0.7627621, 0.0, 0.0)
weight:(0.0, 4.0, 0.0, 0.0)
position:CCVector3f[ -15.971758  87.2171  -6.6878176 ]
weight:(0.40758285, 0.59241676, 0.0, 0.0)
weight:(0.0, 4.0, 0.0, 0.0)
position:CCVector3f[ -15.522312  88.32137  -7.9212112 ]
weight:(0.48328954, 0.51670986, 0.0, 0.0)
weight:(0.0, 4.0, 0.0, 0.0)
position:CCVector3f[ -14.819359  89.424576  -9.087776 ]
weight:(0.4243548, 0.5756452, 0.0, 0.0)
weight:(4.0, 0.0, 0.0, 0.0)
position:CCVector3f[ -13.708511  91.47402  -10.049019 ]
weight:(0.28702435, 0.7129756, 0.0, 0.0)
weight:(4.0, 0.0, 0.0, 0.0)
position:CCVector3f[ -12.490448  92.67333  -11.531166 ]
weight:(0.24185286, 0.7581471, 0.0, 0.0)
weight:(4.0, 0.0, 0.0, 0.0)
position:CCVector3f[ -10.833354  93.27245  -12.363021 ]
weight:(0.0016189471, 0.003270934, 0.104504906, 0.89060456)
weight:(14.0, 1.0, 4.0, 0.0)
position:CCVector3f[ -9.0549755  93.83292  -13.732034 ]
weight:(4.8731398E-4, 9.845732E-4, 0.14405786, 0.85447)
weight:(14.0, 1.0, 4.0, 0.0)
position:CCVector3f[ -6.9406433  94.27879  -14.668344 ]
weight:(5.3982774E-4, 7.777475E-4, 0.002410659, 0.030060304)
weight:(14.0, 7.0, 1.0, 4.0)
position:CCVector3f[ -4.5256414  94.62307  -15.466292 ]
weight:(5.850401E-4, 0.0019953505, 0.0050243475, 0.055581618)
weight:(7.0, 14.0, 1.0, 4.0)
position:CCVector3f[ -2.0774384  94.95252  -15.316862 ]
weight:(2.1395809E-4, 0.0011715731, 0.0041878475, 0.9933496)
weight:(7.0, 1.0, 4.0, 0.0)
position:CCVector3f[ 0.63476133  95.19331  -15.187321 ]
weight:(0.00474816, 0.009826604, 0.02724043, 0.95808697)
weight:(7.0, 4.0, 1.0, 0.0)
position:CCVector3f[ 4.2395296  95.136116  -15.577713 ]
weight:(3.004504E-4, 0.9992759, 0.0, 0.0)
weight:(1.0, 0.0, 0.0, 0.0)
position:CCVector3f[ 7.2949686  95.25765  -14.448986 ]
weight:(4.0258584E-4, 8.1338774E-4, 0.01622787, 0.9818872)
weight:(10.0, 4.0, 1.0, 0.0)
position:CCVector3f[ 10.068617  95.47122  -12.61516 ]
weight:(0.001336751, 0.0027007828, 0.08789131, 0.9080706)
weight:(10.0, 4.0, 1.0, 0.0)
position:CCVector3f[ 12.567281  95.77491  -10.250992 ]
weight:(0.13281257, 0.8671874, 0.0, 0.0)
weight:(1.0, 0.0, 0.0, 0.0)
position:CCVector3f[ 14.393032  96.30282  -7.3360195 ]
weight:(0.13400339, 0.8659966, 0.0, 0.0)
weight:(1.0, 0.0, 0.0, 0.0)
position:CCVector3f[ 15.457397  97.08516  -4.097169 ]
weight:(0.15278679, 0.8471757, 0.0, 0.0)
weight:(1.0, 0.0, 0.0, 0.0)
position:CCVector3f[ 15.396223  98.24563  -0.79202676 ]
weight:(0.14156789, 0.8582405, 0.0, 0.0)
weight:(1.0, 0.0, 0.0, 0.0)
position:CCVector3f[ 13.941714  99.87589  2.116026 ]
weight:(0.010384015, 0.06521575, 0.92440116, 0.0)
weight:(7.0, 1.0, 0.0, 0.0)
position:CCVector3f[ 11.762426  101.75252  4.3197412 ]
weight:(0.01740345, 0.041089766, 0.9414971, 0.0)
weight:(7.0, 1.0, 0.0, 0.0)
position:CCVector3f[ 9.37542  103.701706  5.7987146 ]
weight:(0.0011966871, 0.04920076, 0.94924355, 0.0)
weight:(1.0, 7.0, 0.0, 0.0)
position:CCVector3f[ 7.333148  105.53662  6.8841567 ]
weight:(0.108725205, 0.89127266, 0.0, 0.0)
weight:(7.0, 0.0, 0.0, 0.0)
position:CCVector3f[ 5.462021  107.3155  7.587478 ]
weight:(0.12342951, 0.8765703, 0.0, 0.0)
weight:(7.0, 0.0, 0.0, 0.0)
position:CCVector3f[ 3.628432  109.08383  7.7626395 ]
weight:(0.21580276, 0.7841972, 0.0, 0.0)
weight:(7.0, 0.0, 0.0, 0.0)
position:CCVector3f[ 2.1161199  110.74449  7.8605895 ]
weight:(0.240654, 0.75934595, 0.0, 0.0)
weight:(7.0, 0.0, 0.0, 0.0)
position:CCVector3f[ 0.7906114  112.34281  7.8445115 ]
weight:(0.30081055, 0.6991894, 0.0, 0.0)
weight:(7.0, 0.0, 0.0, 0.0)
position:CCVector3f[ -0.39599526  113.894554  7.8026934 ]
weight:(0.351156, 0.64884406, 0.0, 0.0)
weight:(7.0, 0.0, 0.0, 0.0)
position:CCVector3f[ -1.5141511  115.42358  7.690838 ]
weight:(0.39859805, 0.6014019, 0.0, 0.0)
weight:(7.0, 0.0, 0.0, 0.0)
position:CCVector3f[ -2.6169689  116.94745  7.572525 ]
weight:(0.4837252, 0.5162748, 0.0, 0.0)
weight:(7.0, 0.0, 0.0, 0.0)
position:CCVector3f[ -3.6548395  118.45085  7.107358 ]
weight:(0.49447832, 0.50552166, 0.0, 0.0)
weight:(7.0, 0.0, 0.0, 0.0)
position:CCVector3f[ -4.916812  118.61316  6.5698786 ]
weight:(0.45930225, 0.5406977, 0.0, 0.0)
weight:(7.0, 0.0, 0.0, 0.0)
position:CCVector3f[ -6.229246  119.5117  5.792495 ]
weight:(0.0014518307, 0.41869766, 0.5798505, 0.0)
weight:(12.0, 0.0, 7.0, 0.0)
position:CCVector3f[ -7.626913  120.60444  4.9656687 ]
weight:(0.0017110988, 0.3987641, 0.5995248, 0.0)
weight:(12.0, 0.0, 7.0, 0.0)
position:CCVector3f[ -9.041683  121.697136  3.9811738 ]
weight:(0.0015043225, 0.3798441, 0.61865157, 0.0)
weight:(12.0, 0.0, 7.0, 0.0)
position:CCVector3f[ -10.637973  122.789894  2.8735263 ]
weight:(0.0016715473, 0.004720216, 0.2824001, 0.71120834)
weight:(13.0, 12.0, 0.0, 7.0)
position:CCVector3f[ -12.092688  123.88262  1.4133155 ]
weight:(9.280748E-4, 0.0023055922, 0.30872795, 0.6880391)
weight:(13.0, 12.0, 0.0, 7.0)
position:CCVector3f[ -13.239894  124.975334  -0.39250827 ]
weight:(0.011917433, 0.022647023, 0.117011935, 0.8484241)
weight:(12.0, 13.0, 0.0, 7.0)
position:CCVector3f[ -14.144001  126.06806  -2.4691012 ]
weight:(0.006558375, 0.016830754, 0.14530432, 0.8313066)
weight:(12.0, 13.0, 0.0, 7.0)
position:CCVector3f[ -14.43589  127.160774  -4.733384 ]
weight:(0.003054018, 0.026655257, 0.10815871, 0.86213124)
weight:(12.0, 13.0, 0.0, 7.0)
position:CCVector3f[ -13.829686  128.2535  -6.9124475 ]
weight:(6.921167E-4, 0.030250024, 0.09093909, 0.87811875)
weight:(12.0, 13.0, 0.0, 7.0)
position:CCVector3f[ -12.568936  129.34622  -8.7930565 ]
weight:(0.0017118027, 0.03661918, 0.04391054, 0.91775846)
weight:(12.0, 13.0, 0.0, 7.0)
position:CCVector3f[ -11.12637  130.43893  -10.446256 ]
weight:(2.1730366E-4, 0.014724243, 0.02435048, 0.96070796)
weight:(12.0, 13.0, 0.0, 7.0)
position:CCVector3f[ -9.256527  131.53166  -11.589505 ]
weight:(0.0073120706, 0.014188149, 0.97849977, 0.0)
weight:(13.0, 0.0, 7.0, 0.0)
position:CCVector3f[ -7.4909797  132.62439  -12.615565 ]
weight:(0.0027107561, 0.0052598817, 0.99202937, 0.0)
weight:(13.0, 0.0, 7.0, 0.0)
position:CCVector3f[ -5.682753  133.7171  -13.422994 ]
weight:(1.0, 0.0, 0.0, 0.0)
weight:(7.0, 0.0, 0.0, 0.0)
position:CCVector3f[ -3.7867792  134.80983  -13.8644285 ]
weight:(0.999669, 0.0, 0.0, 0.0)
weight:(7.0, 0.0, 0.0, 0.0)
position:CCVector3f[ -1.9418477  135.90256  -14.303354 ]
weight:(0.9999253, 0.0, 0.0, 0.0)
weight:(7.0, 0.0, 0.0, 0.0)
position:CCVector3f[ -0.052899178  136.99529  -14.640205 ]
weight:(0.99999505, 0.0, 0.0, 0.0)
weight:(7.0, 0.0, 0.0, 0.0)
position:CCVector3f[ 1.8809301  138.08801  -14.5969715 ]
weight:(0.9998226, 0.0, 0.0, 0.0)
weight:(7.0, 0.0, 0.0, 0.0)
position:CCVector3f[ 3.8987157  139.18073  -14.567073 ]
weight:(0.0022730269, 0.0063793347, 0.9913474, 0.0)
weight:(16.0, 8.0, 7.0, 0.0)
position:CCVector3f[ 6.0832295  140.27345  -14.472945 ]
weight:(0.0163974, 0.033481617, 0.9501148, 0.0)
weight:(16.0, 8.0, 7.0, 0.0)
position:CCVector3f[ 8.4401  141.36618  -14.150227 ]
weight:(2.4667202E-4, 0.023257071, 0.03401972, 0.20739315)
weight:(0.0, 16.0, 9.0, 7.0)
position:CCVector3f[ 11.054778  142.4589  -13.608877 ]
weight:(0.028544506, 0.04791493, 0.28814635, 0.6353019)
weight:(9.0, 16.0, 7.0, 8.0)
position:CCVector3f[ 13.904092  143.55162  -12.692886 ]
weight:(0.024098411, 0.08796652, 0.1338779, 0.75405717)
weight:(16.0, 7.0, 9.0, 8.0)
position:CCVector3f[ 17.010885  144.64433  -11.313398 ]
weight:(0.006673597, 0.01551294, 0.3584265, 0.61935204)
weight:(7.0, 16.0, 9.0, 8.0)
position:CCVector3f[ 22.632511  145.73705  -10.136431 ]
weight:(0.09953624, 0.9004088, 0.0, 0.0)
weight:(8.0, 9.0, 0.0, 0.0)
position:CCVector3f[ 15.708513  149.01523  -0.19394255 ]
weight:(0.096088715, 0.40768477, 0.49622586, 0.0)
weight:(16.0, 9.0, 8.0, 0.0)
position:CCVector3f[ 7.3245277  149.8878  -0.08612394 ]
weight:(1.3985008E-4, 0.03813517, 0.43435705, 0.527256)
weight:(17.0, 7.0, 8.0, 16.0)
position:CCVector3f[ 4.703011  150.8779  0.097794056 ]
weight:(0.013287519, 0.01708724, 0.36756995, 0.6017401)
weight:(17.0, 7.0, 8.0, 16.0)
position:CCVector3f[ 2.9666567  151.98463  0.06192994 ]
weight:(0.012948203, 0.11980539, 0.17934039, 0.6876742)
weight:(7.0, 17.0, 8.0, 16.0)
position:CCVector3f[ 1.7991254  153.1111  -0.09841883 ]
weight:(0.0011403038, 0.07169266, 0.26344305, 0.6633916)
weight:(7.0, 8.0, 17.0, 16.0)
position:CCVector3f[ 1.3552943  154.18329  0.11427641 ]
weight:(6.8620883E-4, 0.011602592, 0.38742536, 0.60028607)
weight:(7.0, 8.0, 17.0, 16.0)
position:CCVector3f[ 2.7957857  154.79112  3.460454 ]
weight:(0.030665902, 0.9693341, 0.0, 0.0)
weight:(16.0, 17.0, 0.0, 0.0)
position:CCVector3f[ 2.4255676  155.65012  5.101031 ]
weight:(1.0, 0.0, 0.0, 0.0)
weight:(17.0, 0.0, 0.0, 0.0)
position:CCVector3f[ 1.5302899  156.59633  6.1510434 ]
weight:(1.0, 0.0, 0.0, 0.0)
weight:(17.0, 0.0, 0.0, 0.0)
position:CCVector3f[ 0.38891798  157.63  6.6122084 ]
weight:(1.0, 0.0, 0.0, 0.0)
weight:(17.0, 0.0, 0.0, 0.0)
position:CCVector3f[ -0.8004692  158.70282  6.8106 ]
weight:(1.0, 0.0, 0.0, 0.0)
weight:(17.0, 0.0, 0.0, 0.0)
position:CCVector3f[ -1.9187102  159.84428  6.5506005 ]
weight:(1.0, 0.0, 0.0, 0.0)
weight:(17.0, 0.0, 0.0, 0.0)
position:CCVector3f[ -2.9531932  160.99962  6.1989455 ]
weight:(1.0, 0.0, 0.0, 0.0)
weight:(17.0, 0.0, 0.0, 0.0)
position:CCVector3f[ -3.8198373  162.18898  5.6216288 ]
weight:(1.0, 0.0, 0.0, 0.0)
weight:(17.0, 0.0, 0.0, 0.0)
position:CCVector3f[ -4.6394067  163.37485  5.068486 ]
weight:(1.0, 0.0, 0.0, 0.0)
weight:(17.0, 0.0, 0.0, 0.0)
position:CCVector3f[ -5.39982  164.56789  4.4680424 ]
weight:(1.0, 0.0, 0.0, 0.0)
weight:(17.0, 0.0, 0.0, 0.0)
position:CCVector3f[ -5.945977  165.78505  3.708922 ]
weight:(1.0, 0.0, 0.0, 0.0)
weight:(17.0, 0.0, 0.0, 0.0)
position:CCVector3f[ -6.428904  167.0055  2.928737 ]
weight:(1.0, 0.0, 0.0, 0.0)
weight:(17.0, 0.0, 0.0, 0.0)
position:CCVector3f[ -6.8397846  168.23262  2.104722 ]
weight:(1.0, 0.0, 0.0, 0.0)
weight:(17.0, 0.0, 0.0, 0.0)
position:CCVector3f[ -7.1427197  169.4689  1.2209175 ]
weight:(1.0, 0.0, 0.0, 0.0)
weight:(17.0, 0.0, 0.0, 0.0)
position:CCVector3f[ -7.1560764  170.7124  0.2926944 ]
weight:(1.0, 0.0, 0.0, 0.0)
weight:(17.0, 0.0, 0.0, 0.0)
position:CCVector3f[ -7.077377  171.95737  -0.64412487 ]
weight:(1.0, 0.0, 0.0, 0.0)
weight:(17.0, 0.0, 0.0, 0.0)
position:CCVector3f[ -6.573306  173.18626  -1.4676452 ]
weight:(1.0, 0.0, 0.0, 0.0)
weight:(17.0, 0.0, 0.0, 0.0)
position:CCVector3f[ -5.7773795  174.38484  -2.0843883 ]
weight:(1.0, 0.0, 0.0, 0.0)
weight:(17.0, 0.0, 0.0, 0.0)
position:CCVector3f[ -4.279736  175.48166  -2.010656 ]
weight:(1.0, 0.0, 0.0, 0.0)
weight:(17.0, 0.0, 0.0, 0.0)
vertices:160
java.nio.DirectByteBuffer[pos=0 lim=1920 cap=1920];160
[Mon Sep 10 12:26:06 CEST 2012] [CCAbstractGraphics Line:211:checkError] [SEVERE] # INVALID OPERATION REPORTED. check for function calls that are invalid in the current graphics state.
